111111 1111.

fflatus viridi 11111111 11111111]
11111 bonos 11111 11 11111111.

11111111111111111η1111111111 111 1111111111 111 111111. 1111
stropha. 111111111111111111111 111 vota 11111 1111111111.
11111111 11111 von Gotte - 111111 11111 111 11111111 111
11111111 1111111 111-1111111 1111111111 1111111111 111 otta.

VIIII.

‘fluverginglieh werden 111111 11111111· 1111111111 111111 seim
111111 1111 11111 Homer die 11111111111111111 1111111111 11-12).
11111111111111 111 1111111, welche 11 1111 111111 1111 gegeben,
1111111 111 11111 111 1111111111111 11111111, 11111 1111111 811111
1111111 (111-18). 111 1111111111 1111 11111113113 im ane
mig 1111111111111 111111 will 111 nieht, dass 11111111111111-
1111111111111111111(29-31). 1111 du 1111 11113 1111111, 111
111111111111111111, 111 111 11111111 111111 1111111111, 11 111
1111111311 Richter 111 1111111111 11111111 11111111111 (35-
111 1111111 11111 1111111 111111 11111111, 1111111 1111111111 Ge·
ufisnnkeit, welche sich 111111111111111 11111 111-511.

1111111131111111111 111111131111111 1111111 1111111111
1111 111 1111111111 mit der 111111111111111 1111111111113 Galaticus
1111111 (111111. 7, 11), 1. 734 Romul, 1111111111 111. 738 111111
1111111111111111111111111 111811111111111111 11111111111111111-
1111111111 21), 111111 1111111 11111 111 113111 11 1111111111
111111 111 diener (11111111111111111111111111 111 1111111 11111111 in
11111 pecuniae 11111 recte faciendi cupidior 111111111111111 11·
lima 11111111111111111111 (197). Wie wenig 1111111
1111111111111111 11 111 111111111111111111, 11131, dass 11111111
11 111 1111111111· seinos 11111111 Gaius 11111111, 111 11 diesen 1. 753
1111 11111 111111, quo tempore 11, boui. . 4111111 et plena 111111
11111111 animi 11111111 111 Parthum 11111110111111 11111111-
1111, mim 1111111111 paucos 1111 fortuita 111111111111111111
11111 (111. 11 112). 8111111111 1131111111 111111111111. 11111
1111111111 wohl 1111111111. der 11111. 774111 111 111111111θαί1-

Cman‘ 1111111111 et discordiarum 11111111 (111. 111. 11118. 8111.
11. 11. 13), 111 111111 1111 wohl 1111 11111111111111111111111 111.
111111 111 111 (1111111 geht 111111, 1111 11111111 1111 11111111
111111111111111111111[1111111111311111111111111111. 1111111
1111111111111111111 111 111111 1111111 11 1111111111 11111 31111111

Beuum 1. 21

 

