XVI] mom

666166 Sidonii torserunt 661666 666166,

laboriosa 666 cohors 1111661.

1666161616 piae secrevit litora genti,

61 inquinavit 6616 tompus 6616661;

66166 661166 16116 duravit 6666616, quorum 61
piis 6666666, voto 166, 66161 1636.

116 666 666 11611166 666Ρ611611 (66· siliciae, hier 666 616666 3666161 161.
1611. 61, 1. 116116. 166666 1) 366116- - 6166 361111 3611 61611661 616
66161136, 616 661 66111616161111 1616616616 8636 666 666 Beroen,
166161611116 616 66661166666166 1661616 valonam 1166166 &opor
66616661 66166116366 16616. Ar- ‚inmo 16 ww 6116666111 ’
11161. 1661161111111
116666, 616616 Ρ6116616 61161 Ρ161- 666666 666 1116111616, 6116 616 16·
6616611166 66611616611616 1166- 661161663 666 16 6. 66 6661666-
666661161161. -11111611116 16 661 6166111611 61666 11111.
1161661166 616 1161116361 161 6661· 65. aem 6611666 616 161661161-
1166161111.6661116661163616166166 1663666 6611116, 161 111311 3666
66661616161666166116616661663 16361611613, 661616111. 6661 6161661
1611161 16166 πρὸς τὰ παράβολα 6611111 11611166 Gnatia 6636·
111 τύχης, κατασκῳζόμενοι 666· 166666 66 161666 61 6661 666
W· 1111 11111111 1611111111111611161
161. 1611161661). - cornua, 166· 116616316166161 616 66111661 666·
’ ,616 11666, 6661616 161661 611661161661166161116616666 666
ο119611111“’61116636616611166 86361, 6661 6611616611 666666 666 6661116166
{lotoe 661661661666, 3661611 6161- 16116611111 666161 inquinavit 66
166. torquentur. - 16166166666- 6611666666611. 1116 6616616136
1166111661, 6661111311616616- 16116 666 111666 666 1161111666 666
616 66116166 Golden, 666 161666 3636611161 616
11-66. 1116611 6166 6616161 116116666611666 6166 616 116366-
161161161, 6666166166666111166166 611166 6661616 inquinavit 666 616·
1636, 666 66611 6116661 161 1161 1616111616666- 311661166ρί11 66
(Ponto 11113.) 666 Eratosthenes 66111666666661166666661616616
1116166111, 661 6616 161666 6166116, 6161666 (1666116611.

ιιι--ᾑ

XVII.

11661 6161661 1661111316161 661 11161161· mit dom Troibon 6661-
6111. 66616166 6166166611. 5 666 6111 8 66 666 116636136616111, 666
1616161616, 166616 6166161616166111166 1661661166166 616 1161166
1111111, 16 3616116161 6661 6161661661 1166 1111166316611616. 111366-
1161161161 616 16166666616116611 66116316 Komposition: 11. 1616661
1161 16616161 3666116366 (1-1) 66611611 6611166666 16166 61616661
161111 666 1111116 61111166 166666 (8-18). ‘ich 316616 ja 66 66166

 

