pherme. 225

133113 11333 13333333, so 133331 es 3133 mit der hhnstlerischen
hurchhiidung‚ der 333-13331133133113131133 gehennom 1313
3311333 (icem (1-37). 1133 113 Dichter 113333111313131111333
limite: 333 133 31311133383113133133331313 131 thi 31333 3333-
messenen Smffes 3331311 31311333 3331 113 313113311333311133 133
heile 331 11133133131111133 die 333331131313331311333(38-44)
- jc 113 Spmehe: 113 1333 3333 33133 etwas 333333, 33333 man
3131 3331338313331331313131 113111, welche 133 333333 133 Will-
113133 1311113333 313131-(45-72), sowie 1331113 jede 11313·
13313313 herm 313 pascenti 3333311311311313 - 133 1333 331 soll
mm lemen - (73—88). 331 113 3333133333 11131333 133 1331133313,
wenc 3331311. die 13331113 3333331133 ihren ’133 133313113331
(hh-98). 11333 merie wohl: 113 [11311333 3311 31311 1133 33113
3313, 3331333 3331 311333 33133111311333333313133ς 313 33331311
113333 1313331, 1313 3131133313313331 133 83313331333333333, some
133 333311333 1311311331133 13333133131133 113331131311333 3333131
11111-1 18). 1333333131 33 11333 Cher-ahiem 133113 (133 8333 33 331-
131333 - 31333 1331 3313313333 8131 33 131331313 1313113 131311 zu
33133333 3313 -: 133333 113113 113133 heim 1333313331133, 131 dem
133333133133 813113 133 13 1331331313333 3311131, wohei 13 33333
831131311313311 331131133 1333331(119-115). - 331 was 111131 3131
31313111133333 Homer iernen (136-15211 {icch um 33 1313331
1333313333 1331313313313313133 333131331313333 133313333333331
1313311 113 31311133 231313333133 1133311333, heispielsweisc 33313
1333333311313333111333313133(153-1’18). Was 33331 fiir 113
1113333313 133 11331333 33 1313331333 131, 11131 3131 33331 33333
(179-19213 13331131331 ja die 113113 133 Chore, 133 13111313 113
33313311113313131331311333 Athens 331 113 31313333313113 813133·
3333133113311 13 3133 13133133 81311333 331313311311191-211113
313333 wie (133 8313333131, welches mich 3133311131 33 einem Ver·
333113313 331333 1113313 mco-250). 1131 was 113 3331313313 113333
33133313 3331131 13 3331 1331313133 133313333311 33 1313331313 331
331331 1131 3131113331 113 3311331133 3133113133133 13333 3331111333
133333 (ehi-hm? 11133 3111 es 333 133 3313311331331331111333
13 3331113313333 1133311133 33 133333; 333333133131333 13133 31311
3133 33313333 1131313 133 333 1131333 13113333 3333313333 31113313
1333333133111131 3333111133 313 311111313133 113333, 33333 313
3311133 33333133113133833313113333131131 1111331 [133 1313111331

1333333331311313333 33131 (215-291). 1133333 31311 es jc

33333. dic 13311311331331331113333 13 coliem 33313113313313131333

33 3333313333 3331333 13 13313 1313 33133 mich 1333311333 313 phi·

1311333 8313133313133 immer wieder 33 13313133 was 11131133 331,
113331131111. 15

 

