mn nonnznsffln smne X!

son mnsnhn, 11111 111111111111 111 1111111111111111 der 11111111
111111111111111(1.11111). 111 eine dem 111111 1111111 noeh 1111111111
nnn, 1111 111 111111111111 eus 11111111111 1111111111 (Agrippas
1111111211 111, 185; Annorum: 11 1,11; 5, 112; 6, 55)
wesen 111 1111111111. For 111 ente Bueh 111111111111111111-
1111111111 1111111111, 11111111 im 1111111111 116 1111111111 worden
(11111 1. 1111 11111 11111 1111111111, 1111111111 vom 1111111111 1,
in 111 1111111111 11111111 11111111111111111, 11 5. 6. 8. 9. 11).. 111·
1111111111 11111, 1111111 111 Sermonen 111 111111 1111111, 2. 3. 4..
anf dimelbe 111111 111111111111111111111111 1111111111, eo 111 11111111
1111111111111111, 1111111111 11 1111111111111111111, in welchen
111 11111111 1111111111 1111111111 noch 1111111111111111111 min
111111111111111 1111111 elno 111-1111. vie 111111111111 111111-
111111111111111111111 11111 111111111111111111 11111111181111111
md 111111111111 (oder 1111111111 1) Tigellius Hermogenes 11111111,
1111 111111 1111111, 1111111111111111 111111111111 111111 11111111
11 wohl 111 1111111111 111111111 1111111111 (111 8111111111111111 sein.
nonujn 111111111111111111 1111 ’11111 und 1111111111111 1111111111
1118111111 1111111111 1111111111 11111111. 11111 1111 111 1111 11111111 111-
11111111111111 111111111 11111111 1111111111111111111 11111111
nne, verwechsell 111 1111 dee 1111111111 11111111 mit 111 1111111111-
zet 111 1111111111111111111111. 111111 11111111 111111 5: (111 1111111
1111111111 1111111111 111 im 1111111111 111 111111111111111111
1111111111111111 rann 1111111111111111 11111111111111 nn 1111111,
1111111111111111 1111111111111 11111111 1111111111111 1111111111 vor·
1111 ror 111 1111111111 111 folgenden sermonen 111111 jeder 111111
nonne, 111 1111111 11111111 1111 1111111111111111 11111111 1111 11111111.
1111111111 111111111111111111 111 1111111 1111111111 111 ennecone
11111 111 die 1111111111111 bestimmten, 1111111 111111111111111
(11, 13) 111111111111 111 im 1111111111111 111111111111 1111111111
1111111111 - noch Ι 4, 11 1111111111 1111111111 11 1111111111111111
111 1111111111 1111111111 eb -11111 11111 1111111111 1111 111
1111111111111111 8111111111 111111111111 dese 111 1, 11411. ein
1111111111 11 111119111111111118111111111111 dee 111111 Boebes
111 (11111111 1111111111, 1111111111 1111111111111, 11 1111111111
Wetnmren 1111 Hom 1111111 111111111111111111111 1111111111,
11111111 1111111 1111111111111 1111111111 iet. 111111 11111111 1111 die
11111111 dee 1111111111 dem die 1111111111111111 111Ιοί111111 Nech-
1111111 10, 86) 111111111111 111111 11111111111111111111111 dee
11111111 1111111, also 111 1111 11111 fleme 111 1111111 119 1111111111

luen. 1111 11111111 min (111 1111111111 11 Maecenas 1111111111
11111111111111111 1111111111 111 8111111111 1111111111 sein: notwendig
11 ee 111111, dn 11 1111111111] organisehen Znenmmenhnng mit 1111

 

