1116 1161618666 6111181 1168 nonnius, xxl

1616166611 mit 6611161161 66116 66161666, im 1161166 66616

666 6661 66161611 6166111616 6661611616 (16 41161166 von 161
1166666) 1611 161661 116616.
1166 1161111166 666 16161166 16666661666111161
121161616116611166

161 6611166616 1611116166161 υ16111-6111υ161611166161 61616161
,⁸⁰ 66166166616111661661611661111 ἀλλὰμ’ 1111111116
’vaips δάμναται πόθος 11, 85; 1666 epil 666116111661.

16 661 61661 6661 6661 66116 666 ersten 66166 hat 61 16 661 ¹

116166 66661611166166 611166 66116616 (v. 6. 10. 26) 666 Hiatus
(1. 14. 24) 1611161161
13.1161166111616166

ῦ-υ-ῦ-υὲῃέυυίυυί

1116 [1611611661 666 16116116166666 1111666, ep. 13: 616 1116-
61166166 66161161 6616161 nicht 61161166 16 6616, 66 6616 Η.
61666116 61166666 11166 mag; 6686116666 666 ersten 66166
ist 6111666 6166616 v. 8. 10. 14 1616166666, Hiatus wohl 1616111161
116166 6616166 nicht. 1166 661666 1661616166 1611166661 bei
661 ’1661611616 616 aus 166666161166116161166166 666 6611111-
16161Ρ66116611616166 1666666616661116 66116
§nv-- Ιζυυίυυέ
661111. 11. ,91.

06) Ι61661666.

1116 ’11661666 6166 16611616 1616166, 6661 661666161161666
6116116666, 6. 6161611661 zu 11 18 11616 1661 6116166 61666
661116 16161661 11111116 ἐλάσας 61116611 11. 95) 11616611
16661661. .,276 19 et 166 sumptum 61 Alcaeo 6161 ino trac-

161166 1161661666.
15. 6161166161661611116616 (1111166666)

triu‘ nur 616 11161166 116166 666 61616661166166116166116166
1161161661611611 prata 616611 66111 6116111611 4, 666116 666
6666 1161611166 616666 erebumque siccas 1 1661111166 6611661161.
666 661611661166 ist 61616 6166661661 1611661616 161116
silbe 66166661 von 116161 oder 16 661 81611116 666 11616616
66161 66611166 1161(016111161111111661166, 1111161611116111).

16. 1116 161616111661611116616
16--

 

